current voltage activation
1.53879e-06 1.60126 -0.549833
0.00773414 1.0804 -0.0313467
0.0154667 1.03586 0.0108171
0.0231993 1.00882 0.0354828
0.0309319 0.988943 0.0529838
0.0386645 0.972991 0.0665588
0.0463971 0.959523 0.0776505
0.0541297 0.947767 0.0870285
0.0618623 0.937265 0.0951521
0.0695949 0.92772 0.102318
0.0773275 0.918931 0.108727
0.0850601 0.910752 0.114526
0.0927927 0.903077 0.119819
0.100525 0.895826 0.124689
0.108258 0.888935 0.129197
0.11599 0.882354 0.133395
0.123723 0.876044 0.137321
0.131456 0.869971 0.141009
0.139188 0.864109 0.144487
0.146921 0.858433 0.147776
0.154653 0.852926 0.150897
0.162386 0.84757 0.153865
0.170119 0.842351 0.156695
0.177851 0.837258 0.159399
0.185584 0.832279 0.161989
0.193316 0.827405 0.164472
0.201049 0.822627 0.166858
0.208782 0.817939 0.169154
0.216514 0.813333 0.171367
0.224247 0.808804 0.173502
0.231979 0.804347 0.175564
0.239712 0.799957 0.177559
0.247445 0.795629 0.17949
0.255177 0.791359 0.181363
0.26291 0.787145 0.183179
0.270642 0.782982 0.184942
0.278375 0.778868 0.186656
0.286108 0.7748 0.188323
0.29384 0.770776 0.189945
0.301573 0.766793 0.191526
0.309305 0.762849 0.193066
0.317038 0.758942 0.194568
0.324771 0.75507 0.196034
0.332503 0.751232 0.197466
0.340236 0.747426 0.198865
0.347968 0.74365 0.200232
0.355701 0.739903 0.201569
0.363434 0.736184 0.202877
0.371166 0.732491 0.204158
0.378899 0.728824 0.205413
0.386631 0.725181 0.206642
0.394364 0.721561 0.207846
0.402097 0.717963 0.209028
0.409829 0.714387 0.210187
0.417562 0.710831 0.211324
0.425294 0.707295 0.21244
0.433027 0.703778 0.213536
0.44076 0.70028 0.214613
0.448492 0.696798 0.215671
0.456225 0.693334 0.216711
0.463957 0.689886 0.217734
0.47169 0.686453 0.218739
0.479423 0.683035 0.219729
0.487155 0.679632 0.220702
0.494888 0.676243 0.22166
0.50262 0.672868 0.222603
0.510353 0.669505 0.223532
0.518086 0.666155 0.224447
0.525818 0.662818 0.225348
0.533551 0.659492 0.226237
0.541283 0.656177 0.227112
0.549016 0.652873 0.227975
0.556749 0.64958 0.228826
0.564481 0.646297 0.229665
0.572214 0.643024 0.230493
0.579946 0.63976 0.231309
0.587679 0.636506 0.232115
0.595412 0.63326 0.23291
0.603144 0.630023 0.233695
0.610877 0.626794 0.23447
0.618609 0.623574 0.235236
0.626342 0.620361 0.235991
0.634074 0.617156 0.236738
0.641807 0.613957 0.237475
0.64954 0.610766 0.238204
0.657272 0.607582 0.238924
0.665005 0.604404 0.239636
0.672737 0.601232 0.240339
0.68047 0.598067 0.241034
0.688203 0.594907 0.241722
0.695935 0.591753 0.242401
0.703668 0.588604 0.243074
0.7114 0.58546 0.243739
0.719133 0.582322 0.244396
0.726866 0.579188 0.245047
0.734598 0.576059 0.245691
0.742331 0.572934 0.246328
0.750063 0.569813 0.246958
0.757796 0.566697 0.247582
0.765529 0.563584 0.2482
0.773261 0.560475 0.248811
0.780994 0.55737 0.249417
0.788726 0.554267 0.250016
0.796459 0.551168 0.25061
0.804192 0.548072 0.251197
0.811924 0.544979 0.25178
0.819657 0.541889 0.252356
0.827389 0.5388 0.252927
0.835122 0.535715 0.253493
0.842855 0.532631 0.254054
0.850587 0.529549 0.25461
0.85832 0.526469 0.25516
0.866052 0.523391 0.255706
0.873785 0.520314 0.256247
0.881518 0.517239 0.256783
0.88925 0.514164 0.257314
0.896983 0.511091 0.257841
0.904715 0.508018 0.258363
0.912448 0.504946 0.258881
0.920181 0.501874 0.259394
0.927913 0.498802 0.259903
0.935646 0.495731 0.260408
0.943378 0.492659 0.260909
0.951111 0.489588 0.261406
0.958844 0.486515 0.261898
0.966576 0.483442 0.262387
0.974309 0.480368 0.262872
0.982041 0.477293 0.263353
0.989774 0.474217 0.26383
0.997507 0.471139 0.264303
1.00524 0.468059 0.264773
1.01297 0.464977 0.265239
1.0207 0.461894 0.265702
1.02844 0.458807 0.266161
1.03617 0.455718 0.266617
1.0439 0.452626 0.267069
1.05163 0.449531 0.267518
1.05937 0.446432 0.267964
1.0671 0.44333 0.268406
1.07483 0.440223 0.268845
1.08257 0.437113 0.269282
1.0903 0.433997 0.269715
1.09803 0.430876 0.270145
1.10576 0.42775 0.270571
1.1135 0.424618 0.270995
1.12123 0.42148 0.271416
1.12896 0.418335 0.271835
1.13669 0.415183 0.27225
1.14443 0.412024 0.272662
1.15216 0.408856 0.273072
1.15989 0.405681 0.273479
1.16762 0.402496 0.273883
1.17536 0.399301 0.274285
1.18309 0.396096 0.274684
1.19082 0.39288 0.27508
1.19855 0.389652 0.275474
1.20629 0.386412 0.275865
1.21402 0.383158 0.276254
1.22175 0.379891 0.27664
1.22948 0.376608 0.277024
1.23722 0.373309 0.277405
1.24495 0.369992 0.277784
1.25268 0.366657 0.278161
1.26041 0.363302 0.278536
1.26815 0.359925 0.278908
1.27588 0.356525 0.279277
1.28361 0.353101 0.279645
1.29135 0.349649 0.28001
1.29908 0.346168 0.280374
1.30681 0.342656 0.280735
1.31454 0.339109 0.281094
1.32228 0.335524 0.28145
1.33001 0.331899 0.281805
1.33774 0.328228 0.282158
1.34547 0.324507 0.282509
1.35321 0.320731 0.282857
1.36094 0.316894 0.283204
1.36867 0.312988 0.283549
1.3764 0.309004 0.283891
1.38414 0.304934 0.284232
1.39187 0.300763 0.284571
1.3996 0.296477 0.284908
1.40733 0.292057 0.285243
1.41507 0.28748 0.285577
1.4228 0.282714 0.285908
1.43053 0.277721 0.286238
1.43826 0.272444 0.286566
1.446 0.266809 0.286892
1.45373 0.260703 0.287217
1.46146 0.253952 0.287539
1.46919 0.246265 0.28786
1.47693 0.237096 0.28818
1.48466 0.22521 0.288497
1.49239 0.206637 0.288814
1.50013 -nan(ind) 0.289128
1.50786 -nan(ind) 0.289441
1.51559 -nan(ind) 0.289752
1.52332 -nan(ind) 0.290062
1.53106 -nan(ind) 0.29037
1.53879 -nan(ind) 0.290676
