1.53879e-10 2.17258
0.00308374 1.14039
0.00616749 1.09716
0.00925123 1.07158
0.012335 1.05322
0.0154187 1.03883
0.0185025 1.02693
0.0215862 1.01677
0.02467 1.00787
0.0277537 0.999934
0.0308374 0.992762
0.0339212 0.986207
0.0370049 0.980161
0.0400887 0.974542
0.0431724 0.969287
0.0462562 0.964346
0.0493399 0.959678
0.0524237 0.95525
0.0555074 0.951034
0.0585911 0.947009
0.0616749 0.943153
0.0647586 0.93945
0.0678424 0.935887
0.0709261 0.932451
0.0740099 0.929131
0.0770936 0.925917
0.0801773 0.922801
0.0832611 0.919776
0.0863448 0.916835
0.0894286 0.913972
0.0925123 0.911183
0.0955961 0.908461
0.0986798 0.905803
0.101764 0.903205
0.104847 0.900663
0.107931 0.898174
0.111015 0.895735
0.114099 0.893344
0.117182 0.890997
0.120266 0.888692
0.12335 0.886428
0.126434 0.884202
0.129517 0.882012
0.132601 0.879857
0.135685 0.877735
0.138768 0.875645
0.141852 0.873585
0.144936 0.871554
0.14802 0.86955
0.151103 0.867573
0.154187 0.865622
0.157271 0.863695
0.160355 0.861791
0.163438 0.85991
0.166522 0.858051
0.169606 0.856212
0.17269 0.854394
0.175773 0.852595
0.178857 0.850815
0.181941 0.849053
0.185025 0.847309
0.188108 0.845581
0.191192 0.84387
0.194276 0.842175
0.19736 0.840495
0.200443 0.83883
0.203527 0.837179
0.206611 0.835543
0.209695 0.833919
0.212778 0.832309
0.215862 0.830712
0.218946 0.829127
0.22203 0.827555
0.225113 0.825994
0.228197 0.824444
0.231281 0.822905
0.234365 0.821377
0.237448 0.81986
0.240532 0.818353
0.243616 0.816856
0.2467 0.815368
0.249783 0.81389
0.252867 0.812422
0.255951 0.810962
0.259035 0.809511
0.262118 0.808068
0.265202 0.806634
0.268286 0.805208
0.271369 0.80379
0.274453 0.80238
0.277537 0.800978
0.280621 0.799582
0.283704 0.798195
0.286788 0.796814
0.289872 0.79544
0.292956 0.794073
0.296039 0.792713
0.299123 0.791359
0.302207 0.790012
0.305291 0.78867
0.308374 0.787335
0.311458 0.786006
0.314542 0.784683
0.317626 0.783366
0.320709 0.782054
0.323793 0.780747
0.326877 0.779447
0.329961 0.778151
0.333044 0.776861
0.336128 0.775576
0.339212 0.774295
0.342296 0.77302
0.345379 0.77175
0.348463 0.770484
0.351547 0.769223
0.354631 0.767966
0.357714 0.766714
0.360798 0.765467
0.363882 0.764223
0.366966 0.762984
0.370049 0.761749
0.373133 0.760519
0.376217 0.759292
0.379301 0.758069
0.382384 0.75685
0.385468 0.755635
0.388552 0.754424
0.391636 0.753216
0.394719 0.752012
0.397803 0.750812
0.400887 0.749615
0.40397 0.748422
0.407054 0.747232
0.410138 0.746045
0.413222 0.744862
0.416305 0.743682
0.419389 0.742505
0.422473 0.741331
0.425557 0.74016
0.42864 0.738993
0.431724 0.737828
0.434808 0.736667
0.437892 0.735508
0.440975 0.734352
0.444059 0.733199
0.447143 0.732049
0.450227 0.730901
0.45331 0.729756
0.456394 0.728614
0.459478 0.727474
0.462562 0.726337
0.465645 0.725203
0.468729 0.724071
0.471813 0.722942
0.474897 0.721815
0.47798 0.72069
0.481064 0.719568
0.484148 0.718448
0.487232 0.71733
0.490315 0.716215
0.493399 0.715101
0.496483 0.71399
0.499567 0.712882
0.50265 0.711775
0.505734 0.71067
0.508818 0.709568
0.511902 0.708467
0.514985 0.707369
0.518069 0.706272
0.521153 0.705178
0.524237 0.704085
0.52732 0.702995
0.530404 0.701906
0.533488 0.700819
0.536571 0.699734
0.539655 0.698651
0.542739 0.69757
0.545823 0.69649
0.548906 0.695412
0.55199 0.694336
0.555074 0.693261
0.558158 0.692188
0.561241 0.691117
0.564325 0.690048
0.567409 0.68898
0.570493 0.687913
0.573576 0.686848
0.57666 0.685785
0.579744 0.684723
0.582828 0.683663
0.585911 0.682604
0.588995 0.681547
0.592079 0.680491
0.595163 0.679437
0.598246 0.678383
0.60133 0.677332
0.604414 0.676281
0.607498 0.675233
0.610581 0.674185
0.613665 0.673139
0.616749 0.672094
0.619833 0.67105
0.622916 0.670007
0.626 0.668966
0.629084 0.667926
0.632168 0.666887
0.635251 0.66585
0.638335 0.664813
0.641419 0.663778
0.644503 0.662744
0.647586 0.661711
0.65067 0.660679
0.653754 0.659648
0.656838 0.658619
0.659921 0.65759
0.663005 0.656563
0.666089 0.655536
0.669172 0.654511
0.672256 0.653486
0.67534 0.652463
0.678424 0.65144
0.681507 0.650419
0.684591 0.649399
0.687675 0.648379
0.690759 0.64736
0.693842 0.646343
0.696926 0.645326
0.70001 0.64431
0.703094 0.643295
0.706177 0.642281
0.709261 0.641268
0.712345 0.640255
0.715429 0.639244
0.718512 0.638233
0.721596 0.637223
0.72468 0.636214
0.727764 0.635205
0.730847 0.634198
0.733931 0.633191
0.737015 0.632185
0.740099 0.631179
0.743182 0.630175
0.746266 0.629171
0.74935 0.628167
0.752434 0.627165
0.755517 0.626163
0.758601 0.625162
0.761685 0.624161
0.764769 0.623162
0.767852 0.622162
0.770936 0.621164
0.77402 0.620166
0.777104 0.619168
0.780187 0.618171
0.783271 0.617175
0.786355 0.61618
0.789438 0.615185
0.792522 0.61419
0.795606 0.613196
0.79869 0.612203
0.801773 0.61121
0.804857 0.610217
0.807941 0.609225
0.811025 0.608234
0.814108 0.607243
0.817192 0.606252
0.820276 0.605262
0.82336 0.604273
0.826443 0.603284
0.829527 0.602295
0.832611 0.601306
0.835695 0.600319
0.838778 0.599331
0.841862 0.598344
0.844946 0.597357
0.84803 0.596371
0.851113 0.595385
0.854197 0.594399
0.857281 0.593414
0.860365 0.592429
0.863448 0.591444
0.866532 0.59046
0.869616 0.589476
0.8727 0.588492
0.875783 0.587508
0.878867 0.586525
0.881951 0.585542
0.885035 0.58456
0.888118 0.583577
0.891202 0.582595
0.894286 0.581613
0.89737 0.580631
0.900453 0.579649
0.903537 0.578668
0.906621 0.577687
0.909705 0.576706
0.912788 0.575725
0.915872 0.574744
0.918956 0.573763
0.922039 0.572783
0.925123 0.571802
0.928207 0.570822
0.931291 0.569842
0.934374 0.568862
0.937458 0.567882
0.940542 0.566902
0.943626 0.565922
0.946709 0.564942
0.949793 0.563962
0.952877 0.562982
0.955961 0.562002
0.959044 0.561023
0.962128 0.560043
0.965212 0.559063
0.968296 0.558083
0.971379 0.557103
0.974463 0.556123
0.977547 0.555143
0.980631 0.554163
0.983714 0.553183
0.986798 0.552203
0.989882 0.551222
0.992966 0.550242
0.996049 0.549261
0.999133 0.548281
1.00222 0.5473
1.0053 0.546319
1.00838 0.545337
1.01147 0.544356
1.01455 0.543374
1.01764 0.542392
1.02072 0.54141
1.0238 0.540428
1.02689 0.539445
1.02997 0.538462
1.03305 0.537479
1.03614 0.536495
1.03922 0.535512
1.04231 0.534528
1.04539 0.533543
1.04847 0.532558
1.05156 0.531573
1.05464 0.530587
1.05772 0.529602
1.06081 0.528615
1.06389 0.527628
1.06698 0.526641
1.07006 0.525653
1.07314 0.524665
1.07623 0.523677
1.07931 0.522687
1.08239 0.521698
1.08548 0.520707
1.08856 0.519717
1.09165 0.518725
1.09473 0.517733
1.09781 0.516741
1.1009 0.515748
1.10398 0.514754
1.10706 0.513759
1.11015 0.512764
1.11323 0.511768
1.11632 0.510772
1.1194 0.509774
1.12248 0.508776
1.12557 0.507777
1.12865 0.506778
1.13173 0.505777
1.13482 0.504776
1.1379 0.503774
1.14099 0.502771
1.14407 0.501767
1.14715 0.500762
1.15024 0.499756
1.15332 0.498749
1.1564 0.497741
1.15949 0.496732
1.16257 0.495722
1.16566 0.494711
1.16874 0.493699
1.17182 0.492685
1.17491 0.491671
1.17799 0.490655
1.18107 0.489638
1.18416 0.48862
1.18724 0.4876
1.19033 0.486579
1.19341 0.485557
1.19649 0.484533
1.19958 0.483508
1.20266 0.482482
1.20574 0.481454
1.20883 0.480424
1.21191 0.479393
1.215 0.47836
1.21808 0.477326
1.22116 0.47629
1.22425 0.475252
1.22733 0.474212
1.23041 0.473171
1.2335 0.472127
1.23658 0.471082
1.23967 0.470035
1.24275 0.468985
1.24583 0.467934
1.24892 0.46688
1.252 0.465825
1.25508 0.464767
1.25817 0.463706
1.26125 0.462644
1.26434 0.461579
1.26742 0.460511
1.2705 0.459441
1.27359 0.458368
1.27667 0.457293
1.27975 0.456215
1.28284 0.455134
1.28592 0.45405
1.28901 0.452963
1.29209 0.451873
1.29517 0.45078
1.29826 0.449683
1.30134 0.448583
1.30442 0.44748
1.30751 0.446373
1.31059 0.445262
1.31368 0.444148
1.31676 0.44303
1.31984 0.441908
1.32293 0.440781
1.32601 0.43965
1.32909 0.438515
1.33218 0.437376
1.33526 0.436231
1.33834 0.435082
1.34143 0.433928
1.34451 0.432769
1.3476 0.431604
1.35068 0.430434
1.35376 0.429258
1.35685 0.428076
1.35993 0.426888
1.36301 0.425693
1.3661 0.424492
1.36918 0.423284
1.37227 0.422069
1.37535 0.420846
1.37843 0.419616
1.38152 0.418378
1.3846 0.417132
1.38768 0.415876
1.39077 0.414612
1.39385 0.413338
1.39694 0.412055
1.40002 0.410761
1.4031 0.409456
1.40619 0.408141
1.40927 0.406813
1.41235 0.405473
1.41544 0.40412
1.41852 0.402753
1.42161 0.401371
1.42469 0.399975
1.42777 0.398562
1.43086 0.397133
1.43394 0.395686
1.43702 0.394219
1.44011 0.392733
1.44319 0.391225
1.44628 0.389694
1.44936 0.388138
1.45244 0.386557
1.45553 0.384947
1.45861 0.383307
1.46169 0.381635
1.46478 0.379928
1.46786 0.378182
1.47095 0.376396
1.47403 0.374563
1.47711 0.372682
1.4802 0.370745
1.48328 0.368748
1.48636 0.366684
1.48945 0.364544
1.49253 0.36232
1.49562 0.36
1.4987 0.357569
1.50178 0.355011
1.50487 0.352304
1.50795 0.349421
1.51103 0.346327
1.51412 0.342972
1.5172 0.339291
1.52029 0.33519
1.52337 0.330523
1.52645 0.325059
1.52954 0.31838
1.53262 0.309629
1.5357 0.296499
1.53879 0.266842
